1  102  26  71  2  63  62  219  63  217  0  10  69  83  76  190  3  80  
1  102  0  71  31  63  65  141  66  62  0  17  74  167  98  137  3  80  
1  102  2  71  85  63  65  212  66  172  0  2  75  206  102  211  3  80  
1  102  4  71  132  63  64  243  63  160  0  1  78  234  107  89  3  80  
1  102  8  71  118  63  65  67  65  181  0  2  82  73  102  241  3  80  
1  102  10  71  135  63  65  112  64  211  0  6  83  181  98  46  3  80  
1  102  11  71  117  63  65  67  64  103  0  0  84  130  94  124  3  80  
1  102  20  71  152  63  69  228  69  67  0  0  86  4  53  134  3  80  
1  102  23  71  10  63  63  157  63  238  0  0  85  101  41  218  3  80  
1  102  26  71  25  63  61  203  62  31  0  0  85  101  40  47  3  80  
1  102  28  71  6  63  60  98  59  203  0  0  85  101  39  211  3  80  
1  102  29  71  0  63  62  118  61  206  0  0  85  146  40  138  3  80  
1  102  30  71  35  63  64  243  64  155  0  0  85  124  41  157  3  80  
1  102  31  71  109  63  66  17  65  250  0  0  85  124  42  114  3  80  
1  102  0  71  38  63  65  4  65  118  0  0  85  124  42  206  3  80  
1  102  1  71  85  63  63  15  63  86  0  0  85  101  43  11  3  80  
1  102  2  71  33  63  61  161  61  221  0  0  85  101  43  102  3  80  
1  102  7  71  152  63  63  85  62  47  0  0  84  61  41  248  3  80  
1  102  8  71  152  63  62  219  61  211  0  0  83  181  40  77  3  80  
1  102  9  71  135  63  63  129  62  100  0  0  83  136  39  120  3  80  
1  102  10  71  152  63  64  185  63  218  0  0  83  22  39  242  3  80  
1  102  11  71  134  63  65  88  64  241  0  0  82  232  41  65  3  80  
1  102  12  71  135  63  64  215  65  78  0  0  82  164  43  41  3  80  
1  102  13  71  134  63  63  237  64  208  0  0  82  164  45  78  3  80  
1  102  14  71  151  63  63  129  64  120  0  0  82  164  47  115  3  80  
1  102  15  71  0  63  64  10  64  109  0  0  82  164  49  182  3  80  
1  102  16  71  104  63  65  68  64  160  0  0  82  96  51  158  3  80  
1  102  19  71  86  63  63  239  63  229  0  0  82  5  53  164  3  80  
1  102  20  71  152  63  63  42  63  64  0  0  81  238  56  36  3  80  
1  102  21  71  154  63  63  109  63  235  0  0  81  148  56  250  3  80  
1  102  22  71  0  63  64  47  64  166  0  0  81  125  57  24  3  80  
1  102  23  71  10  63  64  219  64  248  0  0  81  79  57  85  3  80  
1  102  24  71  0  63  65  107  65  31  0  0  81  79  58  43  3  80  
1  102  25  71  25  63  66  2  65  128  0  0  81  34  59  61  3  80  
1  102  26  71  2  63  66  217  66  126  0  0  81  11  60  232  3  80  
1  102  28  71  6  63  67  75  67  114  0  0  81  11  63  226  3  80  
1  102  30  71  35  63  65  99  65  101  0  0  80  176  63  43  3  80  
1  102  0  71  38  63  62  234  63  27  0  0  79  250  60  201  3  80  
1  102  2  71  33  63  62  7  62  138  0  0  79  160  60  49  3  80  
1  102  4  71  132  63  64  109  63  225  0  0  78  211  57  146  3  80  
1  102  5  71  102  63  65  180  64  172  0  0  78  75  55  140  3  80  
1  226  6  190  102  63  66  24  64  144  0  0  77  240  53  225  1  60  
1  98  7  190  152  63  65  206  64  126  0  0  77  126  53  42  1  60  
1  98  9  190  135  63  64  253  64  184  0  0  76  223  53  73  1  60  
1  98  10  190  152  63  65  54  65  107  0  0  76  132  53  42  1  60  
1  98  11  190  134  63  65  125  65  95  0  0  76  64  53  164  1  60  
1  98  14  190  151  63  64  237  63  54  0  0  75  93  55  140  1  60  
1  98  15  190  0  63  64  245  63  213  0  0  75  47  55  140  1  60  
1  98  16  190  104  63  65  19  64  193  0  0  74  235  55  231  1  60  
1  98  20  190  152  63  64  166  65  55  0  0  74  167  61  128  1  60  
1  98  20  190  152  63  65  50  65  105  0  0  74  99  63  13  1  60  
1  98  21  190  154  63  66  5  65  162  0  0  74  8  62  147  1  60  
1  98  22  190  0  63  66  89  65  141  0  0  73  241  61  128  1  60  
1  98  24  190  0  63  64  191  64  140  0  0  73  36  60  79  1  60  
1  98  25  190  25  63  64  133  64  116  0  0  72  133  57  238  1  60  
1  98  28  190  6  63  65  227  65  17  0  0  70  168  48  225  1  60  
1  98  29  190  0  63  64  231  64  47  0  0  69  242  48  72  1  60  
1  98  30  190  35  63  63  109  63  190  0  0  69  220  49  60  1  60  
1  98  0  190  38  63  64  122  65  244  0  0  69  38  52  207  1  60  
1  98  1  190  85  63  66  216  67  111  0  0  68  248  54  60  1  60  
1  98  2  190  34  63  68  117  67  154  0  0  68  157  56  6  1  60  
1  98  3  190  132  63  69  59  66  242  0  0  68  180  58  165  1  60  
1  98  4  190  132  63  68  243  66  142  0  0  68  157  61  128  1  60  
1  98  5  190  102  63  68  63  66  152  0  0  68  157  63  165  1  60  
1  98  6  190  102  63  66  197  66  229  0  0  68  135  65  48  1  60  
1  98  7  190  152  63  64  70  65  237  0  0  68  66  66  128  1  60  
1  98  8  190  152  63  61  208  63  217  0  0  68  135  68  12  1  60  
1  98  9  190  135  63  60  146  62  137  0  0  68  112  69  122  1  60  
1  98  10  190  152  63  61  194  62  129  0  0  68  66  70  232  1  60  
1  98  11  190  134  63  64  240  64  88  0  0  68  135  72  25  1  60  
1  98  12  190  135  63  67  193  66  130  0  0  68  66  71  220  1  60  
1  98  13  190  134  63  68  181  67  77  0  0  67  254  70  140  1  60  
1  98  15  190  0  63  65  92  65  170  0  0  67  209  70  18  1  60  
1  98  16  190  104  63  64  5  64  213  0  0  67  186  71  98  1  60  
1  98  17  190  69  63  64  15  64  186  0  0  68  21  72  208  1  60  
1  98  18  190  69  63  64  136  64  215  0  0  68  21  74  31  1  60  
1  98  23  190  10  63  65  63  64  187  0  0  69  38  79  123  1  60  
1  98  24  190  0  63  64  197  63  145  0  0  69  83  80  172  1  60  
1  98  29  190  0  63  63  184  64  215  0  0  70  9  79  1  1  60  
1  98  30  190  35  63  64  249  65  15  0  0  70  77  78  196  1  60  
1  98  31  190  109  63  66  24  65  140  0  0  70  54  76  159  1  60  
1  98  1  190  85  63  66  14  64  213  0  0  69  242  70  201  1  60  
1  98  2  190  34  63  64  246  63  231  0  0  70  54  70  49  1  60  
1  98  12  190  135  63  65  104  64  204  0  0  69  220  60  18  1  60  
1  98  12  190  135  63  65  104  64  204  0  0  69  220  60  18  1  60  
1  98  13  190  134  63  65  223  65  42  0  0  69  197  59  244  1  60  
1  98  14  190  151  63  65  183  64  221  0  0  69  242  60  201  1  60  
1  98  15  190  0  63  65  2  64  85  0  0  69  242  61  250  1  60  
1  98  16  190  104  63  64  23  63  185  0  0  70  54  63  43  1  60  
1  98  17  190  69  63  63  173  63  46  0  0  70  54  64  60  1  60  
1  98  19  190  86  63  63  133  63  115  0  0  70  123  65  231  1  60  
1  98  21  190  154  63  63  88  64  81  0  0  70  214  67  24  1  60  
1  98  23  190  10  63  64  122  65  81  0  0  71  48  67  207  1  60  
1  98  24  190  0  63  65  254  65  245  0  0  71  94  68  73  1  60  
1  98  25  190  25  63  67  18  66  129  0  0  71  94  68  226  1  60  
1  98  26  190  2  63  66  196  65  234  0  0  71  162  69  122  1  60  
1  98  28  190  6  63  64  178  65  13  0  0  72  20  70  18  1  60  
1  98  29  190  0  63  64  173  65  66  0  0  72  42  69  183  1  60  
1  98  31  190  109  63  64  222  65  28  0  0  72  65  67  238  1  60  
1  98  0  190  38  63  63  135  64  87  0  0  72  65  67  55  1  60  
1  98  1  190  85  63  62  40  63  216  0  0  72  65  66  67  1  60  
1  98  2  190  34  63  61  204  64  18  0  0  72  65  65  18  1  60  
1  98  4  190  132  63  64  96  64  226  0  0  72  20  62  177  1  60  
1  98  5  190  102  63  64  137  64  116  0  0  71  162  59  122  1  60  
1  98  6  190  102  63  63  114  63  223  0  0  71  48  54  60  1  60  
1  98  7  190  152  63  61  229  63  172  0  0  70  77  48  164  1  60  
